1111111111111111
1111111111111111
1111111111111111
1111111111111111
0000000000000000
0000001000000000
0000001100000000
0000010100000000
1111101000000000
0000100000000000
1111011100000000
0000101100000000
1111010000000000
0000111000000000
1111000100000000
0001000100000000
1110111000000000
1110110000000000
1110101000000000
0001011100000000
1110011100000000
0001101000000000
0000000011100100
0000000011100011
0000000011100001
0000000011100000
0000000000100010
0000000000100011
0000000000100101
0010011000000000
1101100000000000
1101011100000000
1101011000000000
0000000011010100
1101001100000000
1101000100000000
1101000000000000
0000000000110010
0000000011001101
0000000000110100
0011011000000000
0011011100000000
1100011100000000
1100011000000000
0000000011000101
1100001100000000
0011111000000000
0000000000111111
1011111100000000
1011111000000000
0000000001000011
1011101100000000
0100011000000000
0000000010111001
0000000010110111
1011011000000000
0000000010110101
0000000001001100
0000000010110010
0000000001001111
0101000000000000
0000000001010001
0101001000000000
1010110100000000
0000000001010101
0000000001010110
0000000001010111
0000000001011000
1111111111111111
1111111111111111
1111111111111111
1111111111111111
0000000010100111
0000000010100110
0101101100000000
0000000010100100
0000000010100011
0000000001011110
0000000001011111
1010000000000000
0000000001100001
0000000010011110
1001110100000000
0000000010011100
0110010100000000
1001101000000000
0000000010011001
1001100000000000
0110100100000000
0000000010010110
0000000001101010
0000000010010101
0000000001101100
0110110100000000
0000000010010010
0000000010010010
0000000010010001
0000000010010000
0000000001110001
0000000001110001
1000111000000000
0000000010001101
0111001100000000
1000110000000000
0000000010001100
0000000010001011
0000000010001010
0000000010001010
0111011100000000
0000000001110111
0111100000000000
1000100000000000
0000000001111001
1000011100000000
0111100100000000
0000000010000110
0111101000000000
1000010100000000
1000010100000000
0000000001111011
1000010000000000
0000000001111100
1000010000000000
0000000010000100
0000000010000011
0000000001111101
0000000001111101
1000001100000000
0000000010000011
0000000010000010
0000000001111110
0000000001111110
1000001000000000
0000000001111110
0111111000000000
1000001000000000
1111111111111111
1111111111111111
1111111111111111
1111111111111111
0000000010000010
0111111000000000
1000001000000000
1000001000000000
0111111000000000
1000001000000000
0111111000000000
0000000001111110
1000001100000000
0111110100000000
0111110100000000
0000000001111101
0000000010000011
0000000001111100
0111110000000000
0000000001111100
1000010000000000
0000000001111011
0111101100000000
1000010100000000
0000000010000110
1000011000000000
1000011100000000
0000000010000111
0000000001111001
0000000010001000
0111100000000000
0000000001110111
0000000010001001
0000000010001010
1000101000000000
0111010100000000
0000000010001100
1000110000000000
0000000001110011
1000110100000000
1000111000000000
1000111100000000
0111000100000000
0000000010010000
0000000010010001
1001001000000000
0110111000000000
0000000010010011
1001010000000000
0000000010010101
0000000010010110
0000000001101010
1001011100000000
0000000010011000
0000000010011001
1001101000000000
0000000010011011
0000000001100100
0000000010011101
0110001000000000
1001111100000000
1010000000000000
0000000001011111
0000000001011110
0101110100000000
0101110000000000
0000000010100101
0000000001011010
1111111111111111
1111111111111111
1111111111111111
1111111111111111
0101100100000000
0000000010101000
0000000001010111
0000000001010110
1010101100000000
0000000010101101
0000000010101110
1010111100000000
0000000010110000
0000000010110001
0000000001001110
0100110000000000
0000000010110101
0000000001001010
0000000010110111
0100011100000000
1011101000000000
0100010100000000
0100001100000000
0000000010111110
1011111100000000
1100000100000000
0011111000000000
0011110100000000
0000000011000101
1100011000000000
0000000011000111
0000000011001001
1100101000000000
0000000000110100
0000000011001101
0000000000110010
1101000000000000
1101000100000000
0000000011010011
0000000000101100
0000000000101010
1101011100000000
1101100000000000
1101101000000000
1101101100000000
0010001100000000
0010001000000000
0010000000000000
0000000011100001
0000000011100011
1110010000000000
0001101000000000
0001100100000000
0000000011101001
0001011000000000
0000000011101100
0001001000000000
0001000100000000
0000000000001111
1111001000000000
0000000000001100
0000101100000000
0000000011110111
0000000000001000
0000000011111010
0000000000000101
0000001100000000
0000000000000010
1111111111111111
1111111111111111
1111111111111111
1111111111111111
0000000000000000
0000000000000010
0000000011111101
0000010100000000
0000011000000000
0000100000000000
0000100100000000
1111010100000000
0000000000001100
0000111000000000
0000000011110001
0000000000010001
0001001000000000
0000000000010100
0000000011101010
0000000011101001
0001100100000000
0000000011100110
0000000000011100
1110001100000000
1110000100000000
0000000000100000
0000000011011110
0010001100000000
0000000000100101
0000000000100110
0010100000000000
0000000011010111
0000000000101010
0000000011010100
0000000000101101
0000000000101111
0000000011010000
0011001000000000
0000000000110011
0011010000000000
0000000011001010
1100100100000000
0000000011000111
0011101000000000
0011101100000000
0011110100000000
0000000011000010
0000000000111111
0100000100000000
1011111000000000
0000000010111101
1011101100000000
0000000001000110
0000000010111001
1011011100000000
1011011000000000
1011010100000000
0000000001001100
1011001000000000
0100111100000000
0000000001010000
0000000010101111
1010111000000000
0000000001010011
0101010100000000
1010101000000000
1010100100000000
0000000010101000
1111111111111111
1111111111111111
1111111111111111
1111111111111111
0000000010100111
1010011000000000
0101101100000000
0101110000000000
0000000001011101
0101111000000000
0000000010100001
0000000010100000
0000000010011111
0000000001100010
1001110100000000
0110010000000000
1001101100000000
1001101000000000
0000000010011001
1001100000000000
0110100100000000
0000000010010110
0110101000000000
0000000010010101
0110110000000000
0000000010010011
1001001000000000
1001001000000000
0000000010010001
0000000010010000
0000000010001111
1000111100000000
0000000001110010
0111001100000000
1000110100000000
0000000010001100
0000000001110100
0000000010001011
0111011000000000
1000101000000000
0000000010001001
0000000001110111
0000000010001000
0000000010001000
0111100100000000
0000000010000111
1000011100000000
1000011000000000
0000000010000110
0111101100000000
0111101100000000
0000000010000101
1000010000000000
0111110000000000
1000010000000000
0111110000000000
0000000010000011
0000000010000011
1000001100000000
0000000001111101
1000001100000000
0000000001111110
0111111000000000
0111111000000000
0000000010000010
0000000001111110
0000000010000010
0000000001111110
1111111111111111
1111111111111111
1111111111111111
1111111111111111
1000001000000000
0000000010000010
1000001000000000
1000001000000000
0111111000000000
0000000010000010
0000000010000010
0111111000000000
1000001100000000
0000000001111101
0000000010000011
0000000010000011
0111110100000000
0000000010000100
0000000001111100
0000000001111100
0000000001111100
0000000010000101
0000000010000101
0000000001111011
0000000001111010
1000011000000000
0111100100000000
0111100100000000
0000000010000111
0111100000000000
0000000001111000
0000000001110111
0111011100000000
0111011000000000
0000000010001010
0111010100000000
0111010000000000
1000110000000000
0000000001110011
0000000010001101
0000000010001110
1000111100000000
0000000010001111
1001000000000000
1001000100000000
1001001000000000
0000000001101110
0110110100000000
0000000010010100
0000000010010101
0000000010010110
0110101000000000
0000000010010111
0110100000000000
1001100100000000
0000000001100110
0000000001100101
0000000001100100
0000000001100011
0000000001100010
0000000001100001
0000000001100000
0000000010100001
0101111000000000
1010001100000000
0101110000000000
0000000001011011
0101101000000000
1111111111111111
1111111111111111
1111111111111111
1111111111111111
1010011100000000
0000000001011000
0000000001010111
0000000010101010
0000000010101011
1010110100000000
1010111000000000
0000000010101111
0000000010110000
0000000010110001
0100111000000000
0000000001001100
1011010100000000
0100101000000000
0100100100000000
0000000001000111
0000000010111010
0000000010111011
0000000010111101
1011111000000000
0000000001000001
0011111100000000
0000000000111110
0011110100000000
0000000000111011
0011101000000000
1100011100000000
0000000000110111
0000000000110110
1100110000000000
0000000000110011
1100111000000000
1101000000000000
1101000100000000
0000000011010011
0000000000101100
0000000011010110
0010100100000000
0000000011011000
0010011000000000
0010010100000000
0000000011011101
0010001000000000
1110000000000000
1110000100000000
1110001100000000
0000000011100100
0000000011100110
0000000011100111
0001011100000000
0000000000010110
0000000011101100
1110111000000000
0000000000010001
0000000011110001
1111001000000000
0000000011110100
0000000000001011
1111011100000000
0000000000001000
0000000000000110
0000000000000101
1111110100000000
1111111000000000
1111111111111111
1111111111111111
1111111111111111
1111111111111111
0000000000000000
0000000000000010
0000000011111101
1111101100000000
0000000000000110
0000100000000000
0000100100000000
0000000011110101
0000000000001100
0000111000000000
1111000100000000
0001000100000000
0000000011101110
0001010000000000
0001011000000000
0000000011101001
0000000011100111
0000000011100110
0000000000011100
0001110100000000
0000000000011111
0010000000000000
0010001000000000
0000000011011101
0000000000100101
0000000000100110
0010100000000000
0010100100000000
0000000011010110
1101010000000000
1101001100000000
0000000011010001
0000000000110000
1100111000000000
0011001100000000
0000000011001100
0011011000000000
0000000000110111
1100011100000000
0011101000000000
0000000011000101
1100001100000000
0000000011000010
1100000100000000
1011111100000000
1011111000000000
0100001100000000
0000000010111011
1011101000000000
1011100100000000
1011011100000000
0000000001001010
0000000010110101
1011010000000000
1011001000000000
0000000010110001
0000000010110000
0000000001010001
0101001000000000
0000000010101101
1010101100000000
0000000010101010
0000000001010111
0101100000000000
1111111111111111
1111111111111111
1111111111111111
1111111111111111
1010011100000000
0000000001011010
0000000010100101
0000000010100100
0000000010100011
0101111000000000
0101111100000000
0000000001100000
0110000100000000
1001111000000000
0000000001100011
0000000010011100
0000000001100101
0000000001100110
0000000001100111
0000000001101000
0110100100000000
0110101000000000
0110101000000000
0000000001101011
0000000010010100
0000000010010011
0000000001101110
1001001000000000
0110111100000000
0111000000000000
1000111100000000
1000111100000000
0000000001110010
0000000001110011
0111001100000000
0111010000000000
0000000010001100
0000000010001011
0000000010001010
0000000001110110
0000000001110111
1000100100000000
1000100000000000
0000000010001000
0000000010000111
0000000010000111
0000000001111001
1000011000000000
0000000010000110
0000000001111011
0111101100000000
1000010100000000
0111110000000000
1000010000000000
0000000001111100
0000000010000100
1000001100000000
1000001100000000
0000000010000011
0111110100000000
1000001100000000
0000000001111110
0111111000000000
1000001000000000
0000000010000010
1000001000000000
0111111000000000
0111111000000000
1111111111111111
1111111111111111
1111111111111111
1111111111111111
0000000010000010
1000001000000000
0000000001111110
0000000001111110
0000000010000010
0111111000000000
0111111000000000
0111111000000000
0000000001111101
0000000010000011
0000000001111101
0000000001111101
0000000001111101
0111110000000000
0000000001111100
1000010000000000
0000000010000100
1000010100000000
1000010100000000
1000010100000000
0000000010000110
0111101000000000
0000000010000111
0111100100000000
1000011100000000
0000000010001000
0000000010001000
0000000010001001
0000000001110111
0000000010001010
0000000010001010
0111010100000000
0111010000000000
0000000001110100
0111001100000000
0000000010001101
0111001000000000
0000000010001111
0000000001110001
0000000001110000
1001000100000000
0000000001101110
0000000001101110
1001001100000000
0000000001101100
0000000001101011
0000000010010110
0110101000000000
1001011100000000
0000000001101000
0110011100000000
0110011000000000
1001101100000000
0000000010011100
0110001100000000
1001111000000000
0000000001100001
0000000001100000
0000000001011111
0101111000000000
1010001100000000
0101110000000000
1010010100000000
1010011000000000
1111111111111111
1111111111111111
1111111111111111
1111111111111111
0000000010100111
0101100000000000
0000000001010111
0000000001010110
0101010100000000
0000000010101101
0000000010101110
0000000001010001
0000000001010000
0100111100000000
0000000001001110
0000000001001100
0000000010110101
0000000010110110
0100100100000000
0000000010111001
0000000001000110
0000000001000101
0100001100000000
0000000010111110
0000000010111111
0000000000111111
0000000000111110
0011110100000000
0000000000111011
0000000000111010
0000000000111001
0000000000110111
1100101000000000
0011010000000000
0000000000110011
0000000011001110
0000000000110000
1101000100000000
1101001100000000
0010110000000000
0010101000000000
1101011100000000
0010100000000000
0000000000100110
0000000000100101
0000000011011101
0000000011011110
0010000000000000
0000000011100001
0000000000011101
0000000011100100
0001101000000000
0000000011100111
0001011100000000
1110101000000000
0001010000000000
0000000011101110
0000000000010001
0000000011110001
0000000000001110
0000110000000000
0000000011110101
0000100100000000
0000000000001000
1111101000000000
0000000011111011
0000000000000011
0000000000000010
1111111111111111
1111111111111111
1111111111111111
1111111111111111
0000000000000000
0000001000000000
1111110100000000
0000000011111011
0000011000000000
0000000000001000
0000000000001001
0000000000001011
0000110000000000
0000000000001110
0000000011110001
0001000100000000
0000000000010010
1110110000000000
0001011000000000
1110100100000000
0000000011100111
0000000011100110
0000000000011100
1110001100000000
0001111100000000
0000000000100000
0000000000100010
0010001100000000
0010010100000000
0000000000100110
0000000000101000
0010100100000000
0010101000000000
0000000011010100
0000000000101101
0000000000101111
0000000000110000
0000000000110010
0000000011001101
0000000000110100
0000000011001010
0011011100000000
0011100100000000
0000000011000110
0011101100000000
1100001100000000
0011111000000000
0000000011000001
1011111100000000
0000000001000010
1011110100000000
0100010100000000
0000000010111010
0000000001000111
0000000001001001
0000000001001010
0000000001001011
0000000001001100
0000000010110010
0000000001001111
0000000001010000
0000000001010001
0101001000000000
0101001100000000
0000000010101011
0000000010101010
0000000001010111
0000000001011000
1111111111111111
1111111111111111
1111111111111111
1111111111111111
0000000010100111
0000000010100110
0101101100000000
0000000001011100
0000000001011101
0000000010100010
0000000001011111
1010000000000000
0110000100000000
0110001000000000
0000000001100011
1001110000000000
0110010100000000
1001101000000000
1001100100000000
0000000010011000
0110100100000000
0000000010010110
0000000001101010
0110101100000000
1001010000000000
0000000001101101
0000000001101110
0000000001101110
0110111100000000
0000000010010000
0000000010001111
1000111100000000
0111001000000000
0000000010001101
1000110100000000
0000000001110100
0000000001110100
0000000010001011
0000000010001010
0111011000000000
1000100100000000
0111011100000000
1000100000000000
0111100000000000
0000000010000111
0000000010000111
1000011100000000
0000000001111010
0000000010000110
0000000010000101
0000000001111011
0000000001111011
1000010000000000
0000000010000100
0000000001111100
1000010000000000
0000000010000011
1000001100000000
1000001100000000
0000000010000011
0000000001111101
0000000001111110
1000001000000000
0000000001111110
1000001000000000
0111111000000000
1000001000000000
1000001000000000
1111111111111111
1111111111111111
1111111111111111
1111111111111111
0000000010000010
1000001000000000
1000001000000000
0111111000000000
0111111000000000
0000000001111110
0000000001111110
1000001000000000
0111110100000000
0000000010000011
0000000001111101
0111110100000000
0111110100000000
1000010000000000
1000010000000000
1000010000000000
1000010000000000
0000000010000101
0000000010000101
0000000010000101
0000000001111010
0000000001111010
0000000010000111
0000000010000111
0000000001111001
0000000001111000
1000100000000000
0111011100000000
0000000001110111
0000000001110110
1000101000000000
0000000001110101
0000000010001100
1000110000000000
0000000001110011
0000000001110011
0000000010001110
0000000010001111
0000000010001111
1001000000000000
0000000001101111
0000000001101110
0000000001101110
1001001100000000
0000000010010100
0000000001101011
1001011000000000
0110101000000000
0000000001101001
0110100000000000
0000000010011001
1001101000000000
1001101100000000
1001110000000000
0000000001100011
0000000001100010
0000000010011111
1010000000000000
0000000001011111
0101111000000000
0000000001011101
1010010000000000
1010010100000000
0000000001011010
1111111111111111
1111111111111111
1111111111111111
1111111111111111
0000000010100111
0101100000000000
0101011100000000
0000000010101010
0000000010101011
0000000010101101
1010111000000000
0101000100000000
0101000000000000
0000000010110001
0000000001001110
0100110000000000
0000000010110101
0100101000000000
0100100100000000
0100011100000000
1011101000000000
0100010100000000
0000000010111101
0100001000000000
0000000001000001
0000000000111111
0000000000111110
0000000011000011
0000000011000101
0000000011000110
0000000000111001
0000000011001001
0000000000110110
0000000000110100
0000000011001101
0000000011001110
1101000000000000
0010111100000000
0010110100000000
1101010000000000
0000000011010110
0010100100000000
1101100000000000
0000000011011010
1101101100000000
0000000000100011
0000000011011110
0000000011100000
0000000011100001
0000000000011101
0001110000000000
1110011000000000
1110011100000000
1110100100000000
0001011000000000
0001010000000000
0000000011101110
0001000100000000
0000111100000000
0000111000000000
0000000000001100
0000000000001011
1111011100000000
0000000000001000
0000011000000000
0000000011111011
0000000011111101
0000000011111110
